 2458369.5      0.000000000000000000     ( 2018  9  7   23h 59m 59.999960s)
     1   42122.83499999999913       0.000000000000000000       0.000000000000000000    
         0.000000000000000000       1.662891644615299924       2.689800292587960051    
  0.9723685177609774355      0.2334443520412980422      0.1788901153810073695E-02
 -0.2334446832083839352      0.9723700835024288169     -0.2431495449646764120E-04
 -0.1745150153105234003E-02 -0.3939663668791459211E-03  0.9999983996194420355    
Прогнозируемая угловая ошибка:          0.00"

 2458369.5      864.0000000000000000     ( 2018  9  8    0h 14m 23.999940s)
     1   42039.01812566648732       1435.785347141815237       2322.445878744556012    
       -0.1939452194950374853       1.659583162864454842       2.684448678001247757    
  0.9851374235022446468      0.1717587173561717639      0.1788806172186733177E-02
 -0.1717589492844235899      0.9851390068159188163     -0.2429929311422089245E-04
 -0.1766396351272180119E-02 -0.2833053255968402597E-03  0.9999983997897308186    
Прогнозируемая угловая ошибка:          0.00"

 2458369.5      1728.000000000000000     ( 2018  9  8    0h 28m 47.999961s)
     1   41787.95764411960408       2865.859363470867720       4635.653428978062948    
       -0.3869879750277852581       1.649677589996448646       2.668425978696159717    
  0.9939971316966433879      0.1093915110658613132      0.1788710589559898726E-02
 -0.1093916428456125078      0.9939987262997599382     -0.2428975934403070224E-04
 -0.1780633141219501369E-02 -0.1715260388497401539E-03  0.9999983999609370899    
Прогнозируемая угловая ошибка:          0.00"

 2458369.5      2592.000000000000000     ( 2018  9  8    0h 43m 11.999942s)
     1   41370.82066150572791       4284.544985630639530       6930.439751305451864    
       -0.5782334720362787284       1.633234293288802652       2.641828223852326296    
  0.9989124846452337447      0.4659022297658917816E-01  0.1788614792811532572E-02
 -0.4659025409554416047E-01  0.9989140842101909001     -0.2428637823725654239E-04
 -0.1787804015543494919E-02 -0.5907205124822990927E-04  0.9999984001323677374    
Прогнозируемая угловая ошибка:          0.00"

 2458369.5      3456.000000000000000     ( 2018  9  8    0h 57m 35.999963s)
     1   40789.54135422829859       5686.233255182345601       9197.732109028203922    
       -0.7668021157657508580       1.610351391494341700       2.604814124863187086    
  0.9998639778223014085     -0.1639594622290637890E-01  0.1788519169614813647E-02
  0.1639601587765697824E-01  0.9998655760017826077     -0.2428915044061968263E-04
 -0.1787880506112720681E-02  0.5361043528001025431E-04  0.9999984003033292046    
Прогнозируемая угловая ошибка:          0.00"

 2458369.5      4320.000000000000000     ( 2018  9  8    1h 11m 59.999944s)
     1   40046.80467696695268       7065.416306735393846       11428.62128789467533    
       -0.9518367681835980809       1.581164536259574538       2.557603104226685797    
  0.9968478354476829617     -0.7931705051552574715E-01  0.1788424106931901965E-02
  0.7931722065703643298E-01  0.9968494258998433777     -0.2429805219453427825E-04
 -0.1780862294427166918E-02  0.1660742902535572419E-03  0.9999984004731299336    
Прогнозируемая угловая ошибка:          0.00"

 2458369.5      5184.000000000000000     ( 2018  9  8    1h 26m 23.999965s)
     1   39146.02396454117843       8416.719108293473255       13614.41293750437035    
        -1.132509605668687636       1.545845248178083331       2.500472604038519897    
  0.9898760258230084874     -0.1419234137719904976      0.1788329989443418651E-02
  0.1419236837146164165      0.9898776022366347904     -0.2431303542800973089E-04
 -0.1766777212971010159E-02  0.2778732706843406518E-03  0.9999984006410833626    
Прогнозируемая угловая ошибка:          0.00"

 2458369.5      6048.000000000000000     ( 2018  9  8    1h 40m 47.999945s)
     1   38091.31282245591865       9734.929585628193308       15746.67629880577806    
        -1.308028464341160824       1.504598847505806747       2.433754738833203923    
  0.9789762149592801110     -0.2039665971469959427      0.1788237198057744063E-02
  0.2039669658090933202      0.9789777710788367671     -0.2433402794656454811E-04
 -0.1745681137439682260E-02  0.3885637500086914099E-03  0.9999984008065105900    
Прогнозируемая угловая ошибка:          0.00"

 2458369.5      6912.000000000000000     ( 2018  9  8    1h 55m 11.999966s)
     1   36887.45179208490299       11015.02680094034076       17817.28978431896394    
        -1.477642575721130447       1.457662028223041029       2.357832371522771808    
  0.9641916542046377048     -0.2652004081739307018      0.1788146108365038737E-02
  0.2652008740821650834      0.9641931838550823475     -0.2436093372307838572E-04
 -0.1717657759855735012E-02  0.4977065199093394249E-03  0.9999984009687415965    
Прогнозируемая угловая ошибка:          0.00"

 2458369.5      7776.000000000000000     ( 2018  9  8    2h  9m 35.999947s)
     1   35539.85035277043789       12252.20690121249754       19818.48295073595727    
        -1.640647613700283891       1.405300130929762581       2.273134702185149791    
  0.9455810126625601164     -0.3253818546629379527      0.1788057089181698716E-02
  0.3253824159581101272      0.9455825097738507212     -0.2439363327145800998E-04
 -0.1682818264371549379E-02  0.6048684920002311881E-03  0.9999984011271202400    
Прогнозируемая угловая ошибка:          0.00"

 2458369.5      8640.000000000000000     ( 2018  9  8    2h 23m 59.999968s)
     1   34054.50488286275504       13441.90660180566920       21742.87448466998467    
        -1.796389993744555102       1.347804174823695300       2.180132467158283571    
  0.9232181388930158494     -0.3842721316728591741      0.1787970501053424066E-02
  0.3842727861172986481      0.9232195975241898056     -0.2443198412985570609E-04
 -0.1641300875745057251E-02  0.7096244568532463761E-03  0.9999984012810049228    
Прогнозируемая угловая ошибка:          0.00"

 2458369.5      9504.000000000000000     ( 2018  9  8    2h 38m 23.999949s)
     1   32437.95324384914420       14579.82402420494873       23583.50590862461831    
        -1.944270385951250013       1.285487711659905719       2.079332850181564663    
  0.8971917747786236630     -0.4416375467855396253      0.1787886694857904754E-02
  0.4416382917719640644      0.8971931891413773563     -0.2447582141525522014E-04
 -0.1593270323857645708E-02  0.8115587314535056048E-03  0.9999984014297724766    
Прогнозируемая угловая ошибка:          0.01"

 2458369.5      10368.00000000000000     ( 2018  9  8    2h 52m 47.999969s)
     1   30697.22667593384904       15661.93676155530011       25333.87080279155271    
        -2.083746424212415072       1.218683565157568705       1.971274208243024351    
  0.8676051950778870259     -0.4972504693044850765      0.1787806010380661465E-02
  0.4972513018663610729      0.8676065595595364721     -0.2452495848887615987E-04
 -0.1538917174707963263E-02  0.9102668475403016823E-03  0.9999984015728204945    
Прогнозируемая угловая ошибка:          0.01"

 2458369.5      11232.00000000000000     ( 2018  9  8    3h  7m 11.999950s)
     1   28839.79970013566708       16684.51709999706145       26987.93942622953182    
        -2.214334613506226290       1.147740517930614601       1.856520712544097895    
  0.8345758072765139257     -0.5508902122334197182      0.1787728774998123982E-02
  0.5508911290567146679      0.8345771164622727278     -0.2457918768222002535E-04
 -0.1478457092135794081E-02  0.1005357118707964591E-02  0.9999984017095682187    
Прогнозируемая угловая ошибка:          0.01"

 2458369.5      12096.00000000000000     ( 2018  9  8    3h 21m 35.999971s)
     1   26873.53871221431837       17644.14437620661920       28540.17870572930769    
        -2.335611455572771611       1.073020004881405143       1.735656999918623988    
  0.7982346747083652883     -0.6023439286501941492      0.1787655302348824552E-02
  0.6023449260865412214      0.7982359234028207906     -0.2463828113860768774E-04
 -0.1412129961940203739E-02  0.1096452231291491098E-02  0.9999984018394604268    
Прогнозируемая угловая ошибка:          0.01"

 2458369.5      12960.00000000000000     ( 2018  9  8    3h 35m 59.999952s)
     1   24806.64992909003922       18537.71450057201218       29985.56763996857626    
        -2.447213829385161965      0.9948928673788295374       1.609282922573311403    
  0.7587260087369910311     -0.6514074364042194976      0.1787585891117727090E-02
  0.6514085104853759578      0.7587271919847313750     -0.2470199169629224028E-04
 -0.1340198962514362177E-02  0.1183190706265201467E-02  0.9999984019619699849    
Прогнозируемая угловая ошибка:          0.01"

 2458369.5      13824.00000000000000     ( 2018  9  8    3h 50m 23.999973s)
     1   22647.62731086392159       19362.44671993871816       31319.60823855038689    
        -2.548838676505051914      0.9137362167530000967       1.478008474652613646    
  0.7162065830062352978     -0.6978860474517574186      0.1787520823823864069E-02
  0.6978871939053640228      0.7162076961114989260     -0.2477005389127138422E-04
 -0.1262949495976879114E-02  0.1265228367444181171E-02  0.9999984020765979587    
Прогнозируемая угловая ошибка:          0.01"

 2458369.5      14688.00000000000000     ( 2018  9  8    4h  4m 47.999953s)
     1   20405.20103333428415       20115.88773297602529       32538.33217878905634    
        -2.640242052370139536      0.8299304490058116990       1.342448963401899675    
  0.6708451260043831743     -0.7415953221950660756      0.1787460365725167862E-02
  0.7415965364615821898      0.6708461645497054704     -0.2484218498659308092E-04
 -0.1180688082452206137E-02  0.1342239675001670072E-02  0.9999984021828768332    
Прогнозируемая угловая ошибка:          0.01"

 2458369.5      15552.00000000000000     ( 2018  9  8    4h 19m 11.999974s)
     1   18088.28702943853204       20795.91330435253985       33638.30341670996859    
        -2.721237612704209941      0.7438564454871179343       1.203220481138185693    
  0.6228216357326212815     -0.7823618186284094778      0.1787404763741799437E-02
  0.7823630958792182621      0.6228225955963495597     -0.2491808611893079451E-04
 -0.1093741115162138794E-02  0.1413919047706265831E-02  0.9999984022803735106    
Прогнозируемая угловая ошибка:          0.01"

 2458369.5      16416.00000000000000     ( 2018  9  8    4h 33m 35.999955s)
     1   15705.93805575564147       21400.72755075946407       34616.61703216088063    
        -2.791694609605359201      0.6558929869295981874       1.060935722337919662    
  0.5723266822839422341     -0.8200237643572633184      0.1787354245498817785E-02
  0.8200250995138157473      0.5723275596566044232     -0.2499744345773367043E-04
 -0.1002453595884783511E-02  0.1479982046911290303E-02  0.9999984023686884216    
Прогнозируемая угловая ошибка:          0.01"

 2458369.5      17280.00000000000000     ( 2018  9  8    4h 47m 59.999976s)
     1   13267.29667442397113       21928.86009232628203       35470.89462110161548    
        -2.851535474606118559      0.5664144009497233956      0.9162001783664399657    
  0.5195606337966575117     -0.8544317136759894682      0.1787309018402293958E-02
  0.8544331014299662019      0.5195614251960648522     -0.2507992947714972863E-04
 -0.9071877337447898076E-03  0.1540166531861975182E-02  0.9999984024474588562    
Прогнозируемая угловая ошибка:          0.01"

 2458369.5      18144.00000000000000     ( 2018  9  8    5h  2m 23.999957s)
     1   10781.55047373406524       22379.16127730236258       36199.27657131675369    
        -2.900733066350469347      0.4757884561450574923      0.7696087310878384491    
  0.4647328801070740867     -0.8854491266108656111      0.1787269268834986791E-02
  0.8854505614452276019      0.4647335823921525666     -0.2516520422800830488E-04
 -0.8083215419003702542E-03  0.1594233675383127050E-02  0.9999984025163607404    
Прогнозируемая угловая ошибка:          0.01"

 2458369.5      19008.00000000000000     ( 2018  9  8    5h 16m 47.999977s)
     1   8257.889784180741117       22750.79569638247267       36800.41157155225665    
        -2.939307658801340928      0.3843745094403950846      0.6217426561159451470    
  0.4080609822620698823     -0.9129529235101843110      0.1787235161399891581E-02
  0.9129543997210718409      0.4080615926453105557     -0.2525291671484013422E-04
 -0.7062473022504899521E-03  0.1641968933935904467E-02  0.9999984025751079697    
Прогнозируемая угловая ошибка:          0.01"

 2458369.5      19872.00000000000000     ( 2018  9  8    5h 31m 11.999958s)
     1   5705.468082556619265       23043.23420623063066       37273.44370921480004    
        -2.967323742421253741      0.2925219074995369373      0.4731670370276414017    
  0.3497698295560484061     -0.9368339619292471721      0.1787206838281692059E-02
  0.9368354736486020906      0.3497703456145847545     -0.2534270625797748426E-04
 -0.6013700456008024822E-03  0.1683182878898015211E-02  0.9999984026234565171    
Прогнозируемая угловая ошибка:          0.01"

 2458369.5      20736.00000000000000     ( 2018  9  8    5h 45m 35.999979s)
     1   3133.365216087905537       23256.24468020440690       37617.99750926202250    
        -2.984886705917607408      0.2005686379209664083      0.3244285836126095113    
  0.2900907260887187755     -0.9569974799387789277      0.1787184418669725662E-02
  0.9569990211576355765      0.2900911457739244748     -0.2543420395623561904E-04
 -0.4941059066310330523E-03  0.1717711965988201342E-02  0.9999984026612016574    
Прогнозируемая угловая ошибка:          0.01"

 2458369.5      21600.00000000000000     ( 2018  9  8    5h 59m 59.999960s)
     1   550.5535226912666076       23389.88169866277894       37834.16125782248128    
        -2.992139460268561368      0.1088402216257356170      0.1760538402620759335    
  0.2292604945531536431     -0.9733634632899414996      0.1787167998295338201E-02
  0.9733650278822613133      0.2292608161987899906     -0.2552703411736071545E-04
 -0.3848805116375944211E-03  0.1745419168957238615E-02  0.9999984026881825194    
Прогнозируемая угловая ошибка:          0.01"

 2458369.5      22464.00000000000000     ( 2018  9  8    6h 14m 23.999940s)
     1  -2034.133127094636848       23444.47538224426899       37922.46893953249673    
        -2.989259060182062999      0.1764883433729957929E-01  0.2854776492384619724E-01
  0.1675205172155539712     -0.9858669699200650616      0.1787157649043773743E-02
  0.9858685516670470106      0.1675207395443694403     -0.2562081577823673283E-04
 -0.2741272550321171555E-03  0.1766194535374108338E-02  0.9999984027042799761    
Прогнозируемая угловая ошибка:          0.01"

 2458369.5      23328.00000000000000     ( 2018  9  8    6h 28m 47.999961s)
     1  -4612.027385618122025       23420.61955981474239       37883.88109867188905    
        -2.976453371194865749     -0.7270735767345379297E-01 -0.1176073453592920148    
  0.1051157862037672835     -0.9944583840329477287      0.1787153418673049663E-02
  0.9944599766477025815      0.1051159083325666488     -0.2571516420347795331E-04
 -0.1622855942944922210E-03  0.1779955616702075640E-02  0.9999984027094183103    
Прогнозируемая угловая ошибка:          0.01"

 2458369.5      24192.00000000000000     ( 2018  9  8    6h 43m 11.999942s)
     1  -7174.653638778872846       23319.15944906354707       37719.76491198690928    
        -2.953957823557018081     -0.1619446643938380892     -0.2619526095281914380    
  0.4229394023217953463E-01 -0.9991036125925386591      0.1787155330623451917E-02
  0.9991052097450321412      0.4229396167534366091E-01 -0.2580969239843895126E-04
 -0.4979932214595321911E-04  0.1786647795037212211E-02  0.9999984027035663248    
Прогнозируемая угловая ошибка:          0.01"

 2458369.5      25056.00000000000000     ( 2018  9  8    6h 57m 35.999963s)
     1  -9713.750462093772512       23141.17901258368511       37431.87373659453442    
        -2.922032287093834224     -0.2497941595565915107     -0.4040530275305589947    
 -0.2069573843510108188E-01 -0.9997842229489646293      0.1787163383923500229E-02
  0.9997858182911345537     -0.2069581776370558665E-01 -0.2590401267531132273E-04
  0.6288523089143191491E-04  0.1786244503545163448E-02  0.9999984026867351217    
Прогнозируемая угловая ошибка:          0.01"

 2458369.5      25920.00000000000000     ( 2018  9  8    7h 11m 59.999944s)
     1  -12221.29043904611171       22887.98813625695402       37022.32637045703450    
        -2.880958094571111960     -0.3360018076562758527     -0.5434976857755615676    
 -0.8360328985446642547E-01 -0.9964975142577644496      0.1787177553192716498E-02
  0.9964991014487082355     -0.8360346964112522206E-01 -0.2599773815619008441E-04
  0.1753209257606446522E-03  0.1778747329447207806E-02  0.9999984026589797681    
Прогнозируемая угловая ошибка:          0.01"

 2458369.5      26784.00000000000000     ( 2018  9  8    7h 26m 23.999965s)
     1  -14689.49747965099596       22561.10976035977365       36493.58623638033168    
        -2.831035234846588367     -0.4203284495431096612     -0.6798997338312178229    
 -0.1461790916755283110     -0.9892565284500183242      0.1787197788744910665E-02
  0.9892581011811517611     -0.1461793712079413332     -0.2609048434335882853E-04
  0.2870616309500539985E-03  0.1764186007626255583E-02  0.9999984026203994070    
Прогнозируемая угловая ошибка:          0.01"

 2458369.5      27648.00000000000000     ( 2018  9  8    7h 40m 47.999945s)
     1  -17110.86179304591133       22162.26707741942664       35848.44067398399784    
        -2.772579731367629918     -0.5025496654116193840     -0.8128961628025228592    
 -0.2081748263290414125     -0.9780899997000210844      0.1787224016779649519E-02
  0.9780915517201113074     -0.2081752044991288519     -0.2618187060933325791E-04
  0.3976639509952594061E-03  0.1742618305476396597E-02  0.9999984025711358138    
Прогнозируемая угловая ошибка:          0.01"

 2458369.5      28512.00000000000000     ( 2018  9  8    7h 55m 11.999966s)
     1  -19478.15267909449176       21693.37089482045121       35089.98049816185085    
        -2.705921216432614074     -0.5824555334217609293     -0.9421474148905064627    
 -0.2693444896287213175     -0.9630422377144913781      0.1787256139682140291E-02
  0.9630437628544576967     -0.2693449649370375232     -0.2627152174231699980E-04
  0.5066890273630939414E-03  0.1714129788328762078E-02  0.9999984025113731745    
Прогнозируемая угловая ошибка:          0.02"

 2458369.5      29376.00000000000000     ( 2018  9  8    8h  9m 35.999947s)
     1  -21784.42931098980625       21156.50724475418610       34221.57995763105282    
        -2.631400707101313685     -0.6598503013396384009      -1.067336852256670188    
 -0.3294453439402121875     -0.9441729560499720897      0.1787294036400349784E-02
  0.9441744482473684030     -0.3294459145018753254     -0.2635906940038728181E-04
  0.6137042387800178576E-03  0.1678833487989604255E-02  0.9999984024413375305    
Прогнозируемая угловая ошибка:          0.02"

 2458369.5      30240.00000000000000     ( 2018  9  8    8h 23m 59.999968s)
     1  -24023.04968419232682       20553.92530952358720       33246.87720358213119    
        -2.549368584722456088     -0.7345519875350897676      -1.188170111619052616    
 -0.3882389041186516399     -0.9215570295717919747      0.1787337562936771804E-02
  0.9215584828948549800     -0.3882395676708384480     -0.2644415360622866127E-04
  0.7182849583632594341E-03  0.1636869443704597584E-02  0.9999984023612951134    
Прогнозируемая угловая ошибка:          0.02"

 2458369.5      31104.00000000000000     ( 2018  9  8    8h 38m 23.999949s)
     1  -26187.67790726266321       19888.02571660450485       32169.75535642634713    
        -2.460182776728839560     -0.8063919264877514870      -1.304374369088320496    
 -0.4454918615443371199     -0.8952842043435546016      0.1787386552905209430E-02
  0.8952856130147487379     -0.4454926154552439344     -0.2652642414419358955E-04
  0.8200161988173068194E-03  0.1588404159639938929E-02  0.9999984022715532328    
Прогнозируемая угловая ошибка:          0.02"

 2458369.5      31968.00000000000000     ( 2018  9  8    8h 52m 47.999969s)
     1  -28272.29000775590976       19161.34924531676734       30994.32423834003203    
        -2.364207136600940728     -0.8752142726867853106      -1.415697537703781927    
 -0.5009770317620305669     -0.8654587331018311902      0.1787440818206637591E-02
  0.8654600915207643075     -0.5009778730413301240     -0.2660554197982087951E-04
  0.9184942979477638512E-03  0.1533629928663594053E-02  0.9999984021724568350    
Прогнозируемая угловая ошибка:          0.02"

 2458369.5      32832.00000000000000     ( 2018  9  8    9h  7m 11.999950s)
     1  -30271.17842180620210       18376.56597552246967       29724.90282080733232    
        -2.261810015676992247     -0.9408754755086188304      -1.521907418025060688    
 -0.5544742347309233876     -0.8321989713180204529      0.1787500149756825240E-02
  0.8322002740836743628     -0.5544751600416122361     -0.2668118057610693820E-04
  0.1013328482639717226E-02  0.1472764087370646196E-02  0.9999984020643879479    
Прогнозируемая угловая ошибка:          0.02"

 2458369.5      33696.00000000000000     ( 2018  9  8    9h 21m 35.999971s)
     1  -32178.95532978124538       17536.46489845799442       28366.00241968452974    
        -2.153363018741873081      -1.003243736359789695      -1.622790820036796200    
 -0.6057711891391660552     -0.7956368964689413126      0.1787564318335591994E-02
  0.7956381384010934310     -0.6057721948108200083     -0.2675302721753446283E-04
  0.1104142456030137061E-02  0.1406048133402134194E-02  0.9999984019477649033    
Прогнозируемая угловая ошибка:          0.02"

 2458369.5      34560.00000000000000     ( 2018  9  8    9h 35m 59.999952s)
     1  -33990.55499281697121       16643.94400060323824       26922.31065542289798    
        -2.039239934005954602      -1.062198458108429167      -1.718152672579881024    
 -0.6546643349098622000     -0.7559175966763936882      0.1787633075473747538E-02
  0.7559187728361821401     -0.6546654169531833656     -0.2682078422378465657E-04
  0.1190575855465663292E-02  0.1333746789827929208E-02  0.9999984018230393401    
Прогнозируемая угловая ошибка:          0.02"

 2458369.5      35424.00000000000000     ( 2018  9  8    9h 50m 23.999973s)
     1  -35701.23523649455456       15702.00082335751540       25398.67618292970292    
        -1.919815827133829478      -1.117629695621044750      -1.807815134570565530    
 -0.7009596600096996699     -0.7131986813965598415      0.1787706154462268731E-02
  0.7131997871060693495     -0.7009608141323585562     -0.2688417015769191420E-04
  0.1272285716168232743E-02  0.1256146929997295622E-02  0.9999984016906960926    
Прогнозируемая угловая ошибка:          0.02"

 2458369.5      36288.00000000000000     ( 2018  9  8   10h  4m 47.999953s)
     1  -37306.57821869337204       14713.72349416931320       23800.09418402655501    
        -1.795466288348026129      -1.169437615087755900      -1.891616720435272514    
 -0.7444734521686943163     -0.6676496707458193791      0.1787783271384508002E-02
  0.6676507016066554057     -0.7444746737923457758     -0.2694292091640919829E-04
  0.1348947800054172731E-02  0.1173556466114352055E-02  0.9999984015512493052    
Прогнозируемая угловая ошибка:          0.02"

 2458369.5      37152.00000000000000     ( 2018  9  8   10h 19m 11.999974s)
     1  -38802.49060899382312       13682.28221858841425       22131.69260546992155    
        -1.666566821262830844      -1.217531968770190431      -1.969411450492244198    
 -0.7850330450721884068     -0.6194513069536242700      0.1787864126269327796E-02
  0.6194522588643524008     -0.7850343293506497622     -0.2699679080383848999E-04
  0.1420257912682990021E-02  0.1086303098668071811E-02  0.9999984014052417658    
Прогнозируемая угловая ошибка:          0.02"

 2458369.5      38016.00000000000000     ( 2018  9  8   10h 33m 35.999955s)
     1  -40185.20329712204693       12610.92121739736467       20398.71911690705747    
        -1.533492361949946092      -1.261831590848491169      -2.041068035461925501    
 -0.8224774873742949355     -0.5687948540580954893      0.1787948404252171809E-02
  0.5687957232305307365     -0.8224788292127616085     -0.2704555348401107423E-04
  0.1485933081869000340E-02  0.9947330468213263620E-03  0.9999984012532426858    
Прогнозируемая угловая ошибка:          0.02"

 2458369.5      38880.00000000000000     ( 2018  9  8   10h 47m 59.999976s)
     1  -41451.27073799083882       11502.95108845484538       18606.52875582206980    
        -1.396616916756575177      -1.302263919180053797      -2.106469102890711653    
 -0.8566581964409708538     -0.5158813210405701621      0.1788035776853916367E-02
  0.5158821040147938408     -0.8566595905162419644     -0.2708900289853908596E-04
  0.1545712707029077730E-02  0.8992096422506106477E-03  0.9999984010958449243    
Прогнозируемая угловая ошибка:          0.02"

 2458369.5      39744.00000000000000     ( 2018  9  8   11h  2m 23.999957s)
     1  -42597.57003103045281       10361.74156906469216       16760.57222034982624    
        -1.256313307547553881      -1.338764547012466055      -2.165510472026930699    
 -0.8874395340487125639     -0.4609206829956297713      0.1788125903252398658E-02
  0.4609213766537337831     -0.8874409748303009327     -0.2712695406833298759E-04
  0.1599359568898357743E-02  0.8001119214787940368E-03  0.9999984009336627677    
Прогнозируемая угловая ошибка:          0.02"

 2458369.5      40608.00000000000000     ( 2018  9  8   11h 16m 47.999977s)
     1  -43621.29982181613741       9190.714671491499757       14866.38476567087855    
        -1.112953013290712834      -1.371276808013899062      -2.218100482589274058    
 -0.9146993573122271792     -0.4041310282661298992      0.1788218431666711546E-02
  0.4041316298445735700     -0.9147008390843117676     -0.2715924384187999867E-04
  0.1646660793052308596E-02  0.6978330864203544049E-03  0.9999984007673293762    
Прогнозируемая угловая ошибка:          0.02"

 2458369.5      41472.00000000000000     ( 2018  9  8   11h 31m 11.999958s)
     1  -44519.97910455684178       7993.338161600046078       12929.57565542420889    
       -0.9669060972174999824      -1.399751397391336027      -2.264159381908881219    
 -0.9383294919396124589     -0.3457377134374557959      0.1788313000719041722E-02
  0.3457382205380489237     -0.9383310088237092339     -0.2718573153080071236E-04
  0.1687428674714868109E-02  0.5927789809782689620E-03  0.9999984005974947854    
Прогнозируемая угловая ошибка:          0.02"

 2458369.5      42336.00000000000000     ( 2018  9  8   11h 45m 35.999979s)
     1  -45291.44599485609069       6773.119348429020647       10955.81811606988595    
       -0.8185412091419419500      -1.424146031354548425      -2.303618774097362820    
 -0.9582361716085351366     -0.2859724479970149336      0.1788409240902458057E-02
  0.2859728585964171343     -0.9582377175868266317     -0.2720629948036315320E-04
  0.1721501441176891524E-02  0.4853664427034549370E-03  0.9999984004248229086    
Прогнозируемая угловая ошибка:          0.02"

 2458369.5      43200.00000000000000     ( 2018  9  8   11h 59m 59.999960s)
     1  -45933.85653331330104       5533.599150753495451       8950.839739293192906    
       -0.6682256528871725054      -1.444425146744693578      -2.336421134182861348    
 -0.9743404012735927822     -0.2250723965517014702      0.1788506776011490997E-02
  0.2250727090094692129     -0.9743419702128015558     -0.2722085352557071004E-04
  0.1748743878617156980E-02  0.3760216878116200341E-03  0.9999984002499892055    
Прогнозируемая угловая ошибка:          0.02"

 2458369.5      44064.00000000000000     ( 2018  9  8   12h 14m 23.999940s)
     1  -46445.68357200745231       4278.346405284638422       6920.413275267585959    
       -0.5163255091304753686      -1.460559642273164593      -2.362519389552518945    
 -0.9865782775447589081     -0.1632792184209828912      0.1788605224665547853E-02
  0.1632794314860664953     -0.9865798632204850760     -0.2722932337460793735E-04
  0.1769047880544710868E-02  0.2651785852828184953E-03  0.9999984000736772405    
Прогнозируемая угловая ошибка:          0.02"

 2458369.5      44928.00000000000000     ( 2018  9  8   12h 28m 47.999961s)
     1  -46825.71578768275504       3010.952380046463986       4870.347757800551335    
       -0.3632058043189387853      -1.472526662500813321      -2.381876570529384285    
 -0.9949012386810855979     -0.1008381168414002049      0.1788704201808539399E-02
  0.1008382296571087300     -0.9949028348025030777     -0.2723166288259959802E-04
  0.1782332870606013900E-02  0.1532769499572752105E-03  0.9999983998965773502    
Прогнозируемая угловая ошибка:          0.02"

 2458369.5      45792.00000000000000     ( 2018  9  8   12h 43m 11.999942s)
     1  -47073.05685751529381       1735.025455611006691       2806.479900997821005    
       -0.2092307166150688680      -1.480309425421584946      -2.394465531481363207    
 -0.9992762569399357142     -0.3799687485561523137E-01  0.1788803320222316379E-02
  0.3799688696303102353E-01 -0.9992778571747514826     -0.2722785023800765964E-04
  0.1788546121956920707E-02  0.4076081328713908016E-04  0.9999983997193826468    
Прогнозируемая угловая ошибка:          0.02"

 2458369.5      46656.00000000000000     ( 2018  9  8   12h 57m 35.999963s)
     1  -47187.12482564523089       454.1859362268328368       734.6657060357683804    
       -0.5476381009457056970E-01  -1.483897094289476470      -2.400268743495695301    
 -0.9996859718881915269      0.2499514830739558297E-01  0.1788902192094978579E-02
 -0.2499523696761348987E-01 -0.9996875698877720762     -0.2721788804824554613E-04
  0.1787662970033958949E-02 -0.7192337506949588355E-04  0.9999983995427863537    
Прогнозируемая угловая ошибка:          0.03"

 2458369.5      47520.00000000000000     ( 2018  9  8   13h 11m 59.999944s)
     1  -47167.65168117031135      -827.9390475910599889      -1339.227784123374022    
        0.9983171137132068607E-01  -1.483284694135124093      -2.399278159340863414    
 -0.9961287576670418975      0.8788798340032251410E-01  0.1789000430522510879E-02
 -0.8788817248768283907E-01 -0.9961303470916029745     -0.2720180333203984526E-04
  0.1779686908163706071E-02 -0.1843284769777971989E-03  0.9999983993674795846    
Прогнозируемая угловая ошибка:          0.03"

 2458369.5      48384.00000000000000     ( 2018  9  8   13h 26m 23.999965s)
     1  -47014.68316096346098      -2107.720583753226947      -3409.330644742432469    
        0.2541927389651346680      -1.478473073249719993      -2.391495151165140332    
 -0.9886187295958007715      0.1504320664684884734      0.1789097651080359458E-02
 -0.1504323552440360312     -0.9886203041395612567     -0.2717964740956848883E-04
  0.1764649573420740657E-02 -0.2960084819064557693E-03  0.9999983991941495676    
Прогнозируемая угловая ошибка:          0.03"

 2458369.5      49248.00000000000000     ( 2018  9  8   13h 40m 47.999945s)
     1  -46728.57878344899655      -3381.533009485917773      -5469.778206995128130    
        0.4079559908317046402      -1.469468909760961228      -2.376930521133472585    
 -0.9771856894806472127      0.2123792058110845760      0.1789193473312014919E-02
 -0.2123795931403126835     -0.9771872428968522151     -0.2715149570547953752E-04
  0.1742610624100322326E-02 -0.4065202349625899160E-03  0.9999983990234740938    
Прогнозируемая угловая ошибка:          0.03"

 2458369.5      50112.00000000000000     ( 2018  9  8   13h 55m 11.999966s)
     1  -46310.01211229128967      -4645.758967380243121      -7514.719236347727929    
        0.5607577493502431398      -1.456284763279892536      -2.355604584968518989    
 -0.9618750045673618576      0.2734835900720554713      0.1789287522274472450E-02
 -0.2734840744294242398     -0.9618765306930642245     -0.2711744744114511052E-04
  0.1713657497457971675E-02 -0.5154252367986290103E-03  0.9999983988561216286    
Прогнозируемая угловая ошибка:          0.03"

 2458369.5      50976.00000000000000     ( 2018  9  8   14h  9m 35.999947s)
     1  -45759.97124176151556      -5896.794525479705953      -9538.324214525577190    
        0.7122336121167195389      -1.438939171450443144      -2.327547328123766412    
 -0.9427474317611977961      0.3335027406617837586      0.1789379429990134874E-02
 -0.3335033201367539890     -0.9427489245417169927     -0.2707762525374672876E-04
  0.1677905070987538915E-02 -0.6222913425522680949E-03  0.9999983986927466484    
Прогнозируемая угловая ошибка:          0.03"

 2458369.5      51840.00000000000000     ( 2018  9  8   14h 23m 59.999968s)
     1  -45079.75948829468689      -7131.054400073575380      -11534.79378761084627    
        0.8620182650905356958      -1.417456791076781242      -2.292798634063228480    
 -0.9198788708480243326      0.3921984966425106078      0.1789468836941658127E-02
 -0.3921991689471410192     -0.9198803243609645630     -0.2703217469664795039E-04
  0.1635495195882728271E-02 -0.7266945170418422344E-03  0.9999983985339893078    
Прогнозируемая угловая ошибка:          0.03"

 2458369.5      52704.00000000000000     ( 2018  9  8   14h 38m 23.999949s)
     1  -44270.99626537603763      -8344.977319508847359      -13498.36744224401446    
         1.009745286528552999      -1.391868583328882192      -2.251408583839587418    
 -0.8933600704126617442      0.4493379375078155880      0.1789555393464173534E-02
 -0.4493386999858220432     -0.8933614788914185922     -0.2698126367795660658E-04
  0.1586596147490872827E-02 -0.8282204776709464799E-03  0.9999983983804697774    
Прогнозируемая угловая ошибка:          0.03"

 2458369.5      53568.00000000000000     ( 2018  9  8   14h 52m 47.999969s)
     1  -43335.61811135191965      -9535.031566817338899      -15423.33247106671661    
         1.155046990555805841      -1.362212042325484429      -2.203437825837167630    
 -0.8632962592415740488      0.5046943292455440266      0.1789638761165814702E-02
 -0.5046951788828554220     -0.8632976170982070707     -0.2692508177816905899E-04
  0.1531401941893156728E-02 -0.9264663770810783062E-03  0.9999983982327895760    
Прогнозируемая угловая ошибка:          0.03"

 2458369.5      54432.00000000000000     ( 2018  9  8   15h  7m 11.999950s)
     1  -42275.87983199810697      -10697.72073824957079      -17304.03328740329744    
         1.297554319498956055      -1.328531466157426788      -2.148958014164092489    
 -0.8298067386029202019      0.5580480028424672501      0.1789718614238184442E-02
 -0.5580489362791665187     -0.8298080404503345164     -0.2686383951718474664E-04
  0.1470131584247264889E-02 -0.1021042363970700801E-02  0.9999983980915249093    
Прогнозируемая угловая ошибка:          0.03"

 2458369.5      55296.00000000000000     ( 2018  9  8   15h 21m 35.999971s)
     1  -41094.35571165876172      -11829.58975388028193      -19134.88114767927618    
         1.436896794426915758      -1.290878269134727585      -2.088052313725649700    
 -0.7930243976756249369      0.6091872465230671052      0.1789794640780040290E-02
 -0.6091882600667385406     -0.7930256383489370231     -0.2679776749979081733E-04
  0.1403028179321984953E-02 -0.1111573166524076027E-02  0.9999983979572283355    
Прогнозируемая угловая ошибка:          0.03"

 2458369.5      56160.00000000000000     ( 2018  9  8   15h 35m 59.999952s)
     1  -39793.94073846032552      -12927.23115525997855      -20910.36433814945485    
         1.572702533691684224      -1.249311333709268723      -2.020815969474698992    
 -0.7530951986563423350      0.6579091260489695614      0.1789866544005232121E-02
 -0.6579102156893322784     -0.7530963732333846306     -0.2672711552391837002E-04
  0.1330357989645921963E-02 -0.1197699546396643845E-02  0.9999983978304246568    
Прогнозируемая угловая ошибка:          0.03"

 2458369.5      57024.00000000000000     ( 2018  9  8   15h 50m 23.999973s)
     1  -38377.85178048647504      -13987.29172358486903      -22625.05888007848625    
         1.704598349627278520      -1.203897400133353557      -1.947356936701504226    
 -0.7101775838987220979      0.7040203089853971363      0.1789934043448571967E-02
 -0.7040214704102309984     -0.7101786877195620518     -0.2665215156550316460E-04
  0.1252409354100562575E-02 -0.1279079757810527894E-02  0.9999983977116078115    
Прогнозируемая угловая ошибка:          0.03"

 2458369.5      57888.00000000000000     ( 2018  9  8   16h  4m 47.999953s)
     1  -36849.62864086571790      -15006.47944998807725      -24273.63980449320661    
         1.832209933928551138      -1.154711491454705863      -1.867796568481819408    
 -0.6644418620119256769      0.7473378137879206351      0.1789996876052074278E-02
 -0.7473390424001618015     -0.6644428906973692817     -0.2657316074257089011E-04
  0.1169491570808467050E-02 -0.1355390871651414829E-02  0.9999983976012416509    
Прогнозируемая угловая ошибка:          0.03"

 2458369.5      58752.00000000000000     ( 2018  9  8   16h 19m 11.999974s)
     1  -35213.13491048241849      -15981.57088725654467      -25850.89304390767938    
         1.955162142574155437      -1.101837370913253844      -1.782270355536278439    
 -0.6160695161110542051      0.7876897530262242375      0.1790054797233907270E-02
 -0.7876910439622172300     -0.6160704655800084417     -0.2649044415664747809E-04
  0.1081933640930413110E-02 -0.1426330087095828555E-02  0.9999983974997556091    
Прогнозируемая угловая ошибка:          0.03"

 2458369.5      59616.00000000000000     ( 2018  9  8   16h 33m 35.999955s)
     1  -33472.55852750247868      -16909.41890948173750      -27351.72798389912714    
         2.073079391454704101      -1.045368028187556364      -1.690928712755356500    
 -0.5652525006418185338      0.8249159993799467516      0.1790107581835693323E-02
 -0.8249173475287299162     -0.5652533671274996285     -0.2640431772855701619E-04
  0.9900829940060573535E-03 -0.1491615904822802142E-02  0.9999983974075444815    
Прогнозируемая угловая ошибка:          0.03"

 2458369.5      60480.00000000000000     ( 2018  9  8   16h 47m 59.999976s)
     1  -31632.41194315928078      -17786.96090278508200      -28771.19071196618825    
         2.185586174090013323     -0.9854061902334042555      -1.593937805503246929    
 -0.5121924617111505151      0.8588688360345005934      0.1790155025037613564E-02
 -0.8588702360580959816     -0.5121932417760168832     -0.2631511091494130543E-04
  0.8943040768740126434E-03 -0.1550989270374364404E-02  0.9999983973249664260    
Прогнозируемая угловая ошибка:          0.03"

 2458369.5      61344.00000000000000     ( 2018  9  8   17h  2m 23.999957s)
     1  -29697.53178335054326      -18611.22740624290964      -30104.47799460464012    
         2.292307712935685249     -0.9220648516598325406      -1.491480407524365726    
 -0.4570999557883747566      0.8894135290252618287      0.1790196943151726615E-02
 -0.8894149753798437086     -0.4571006463377813023     -0.2622316543368931647E-04
  0.7949769416759427075E-03 -0.1604214577878755772E-02  0.9999983972523407427    
Прогнозируемая угловая ошибка:          0.03"

 2458369.5      62208.00000000000000     ( 2018  9  8   17h 16m 47.999977s)
     1  -27673.07788566043018      -19379.35121739009992      -31346.95200585957718    
         2.392870755752261935     -0.8554678186964951303      -1.383756780834476396    
 -0.4001935944789531963      0.9164288744922851615      0.1790233174368728673E-02
 -0.9164303614501854156     -0.4001941927734166127     -0.2612883387594263564E-04
  0.6924957022720364249E-03 -0.1651080627015169685E-02  0.9999983971899484292    
Прогнозируемая угловая ошибка:          0.03"

 2458369.5      63072.00000000000000     ( 2018  9  8   17h 31m 11.999958s)
     1  -25564.53158158498991      -20088.57697112541064      -32494.15582162563078    
