 2458369.5      0.000000000000000000     ( 2018  9  7   23h 59m 59.999960s)
     1   42122.83499999999913       0.000000000000000000       0.000000000000000000    
         0.000000000000000000       1.662891644615299924       2.589810292587960028    
  0.9723685177609774355      0.2334443520412980422      0.1788901153810073695E-02
 -0.2334446832083839352      0.9723700835024288169     -0.2431495449646764120E-04
 -0.1745150153105234003E-02 -0.3939663668791459211E-03  0.9999983996194420355    
Прогнозируемая угловая ошибка:          0.00"

 2458369.5      864.0000000000000000     ( 2018  9  8    0h 14m 23.999940s)
     1   42039.01347537944093       1435.785251928928801       2236.111676567938957    
       -0.1939667359328774709       1.659582612019466330       2.584656759762806288    
  0.9851374235022446468      0.1717587173561717639      0.1788806172186733177E-02
 -0.1717589492844235899      0.9851390068159188163     -0.2429929311422089245E-04
 -0.1766396351272180119E-02 -0.2833053255968402597E-03  0.9999983997897308186    
Прогнозируемая угловая ошибка:          0.00"

 2458369.5      1728.000000000000000     ( 2018  9  8    0h 28m 47.999961s)
     1   41787.88350183901639       2865.856323099753354       4463.324009520216350    
       -0.3871591964774963035       1.649668802553829750       2.569216856702374763    
  0.9939971316966433879      0.1093915110658613132      0.1788710589559898726E-02
 -0.1093916428456125078      0.9939987262997599382     -0.2428975934403070224E-04
 -0.1780633141219501369E-02 -0.1715260388497401539E-03  0.9999983999609370899    
Прогнозируемая угловая ошибка:          0.00"

 2458369.5      2592.000000000000000     ( 2018  9  8    0h 43m 11.999942s)
     1   41370.44752069054084       4284.521979056990858       6672.773392128111482    
       -0.5788062524485974025       1.633190025923354272       2.543552583588093441    
  0.9989124846452337447      0.4659022297658917816E-01  0.1788614792811532572E-02
 -0.4659025409554416047E-01  0.9989140842101909001     -0.2428637823725654239E-04
 -0.1787804015543494919E-02 -0.5907205124822990927E-04  0.9999984001323677374    
Прогнозируемая угловая ошибка:          0.00"

 2458369.5      3456.000000000000000     ( 2018  9  8    0h 57m 35.999963s)
     1   40788.37174118778057       5686.136782534989834       8855.667542835526547    
       -0.7681430533954441975       1.610212447694432836       2.507766987582063400    
  0.9998639778223014085     -0.1639594622290637890E-01  0.1788519169614813647E-02
  0.1639601587765697824E-01  0.9998655760017826077     -0.2428915044061968263E-04
 -0.1787880506112720681E-02  0.5361043528001025431E-04  0.9999984003033292046    
Прогнозируемая угловая ошибка:          0.00"

 2458369.5      4320.000000000000000     ( 2018  9  8    1h 11m 59.999944s)
     1   40043.97937177663698       7065.123753963483978       11003.32079704164607    
       -0.9544141328640054489       1.580828314291094605       2.462003734532375088    
  0.9968478354476829617     -0.7931705051552574715E-01  0.1788424106931901965E-02
  0.7931722065703643298E-01  0.9968494258998433777     -0.2429805219453427825E-04
 -0.1780862294427166918E-02  0.1660742902535572419E-03  0.9999984004731299336    
Прогнозируемая угловая ошибка:          0.00"

 2458369.5      5184.000000000000000     ( 2018  9  8    1h 26m 23.999965s)
     1   39140.24118502838974       8415.996747520581266       13107.18895587326733    
        -1.136876472938538996       1.545155569801624829       2.406446512182471409    
  0.9898760258230084874     -0.1419234137719904976      0.1788329989443418651E-02
  0.1419236837146164165      0.9898776022366347904     -0.2431303542800973089E-04
 -0.1766777212971010159E-02  0.2778732706843406518E-03  0.9999984006410833626    
Прогнозируемая угловая ошибка:          0.00"

 2458369.5      6048.000000000000000     ( 2018  9  8    1h 40m 47.999945s)
     1   38080.76345717361255       9733.382449997992808       15158.90354751974701    
        -1.314802514829688018       1.503337366393270313       2.341318267684286969    
  0.9789762149592801110     -0.2039665971469959427      0.1788237198057744063E-02
  0.2039669658090933202      0.9789777710788367671     -0.2433402794656454811E-04
 -0.1745681137439682260E-02  0.3885637500086914099E-03  0.9999984008065105900    
Прогнозируемая угловая ошибка:          0.00"

 2458369.5      6912.000000000000000     ( 2018  9  8    1h 55m 11.999966s)
     1   36869.77333446792909       11012.04191151063060       17150.30535945590600    
        -1.487483102564516546       1.455541470626160683       2.266880282983390948    
  0.9641916542046377048     -0.2652004081739307018      0.1788146108365038737E-02
  0.2652008740821650834      0.9641931838550823475     -0.2436093372307838572E-04
 -0.1717657759855735012E-02  0.4977065199093394249E-03  0.9999984009687415965    
Прогнозируемая угловая ошибка:          0.00"

 2458369.5      7776.000000000000000     ( 2018  9  8    2h  9m 35.999947s)
     1   35512.10168965573394       12246.89151927013882       19073.47710328508765    
        -1.654230347189776795       1.401959568436171866       2.183431092389750638    
  0.9455810126625601164     -0.3253818546629379527      0.1788057089181698716E-02
  0.3253824159581101272      0.9455825097738507212     -0.2439363327145800998E-04
 -0.1682818264371549379E-02  0.6048684920002311881E-03  0.9999984011271202400    
Прогнозируемая угловая ошибка:          0.00"

 2458369.5      8640.000000000000000     ( 2018  9  8    2h 23m 59.999968s)
     1   34013.16354249769938       13433.02332823546931       20920.77507797365979    
        -1.814380399320184356       1.342806472017269437       2.091305247365397246    
  0.9232181388930158494     -0.3842721316728591741      0.1787970501053424066E-02
  0.3842727861172986481      0.9232195975241898056     -0.2443198412985570609E-04
 -0.1641300875745057251E-02  0.7096244568532463761E-03  0.9999984012810049228    
Прогнозируемая угловая ошибка:          0.01"

 2458369.5      9504.000000000000000     ( 2018  9  8    2h 38m 23.999949s)
     1   32378.93612863736416       14565.72466543650989       22684.85970189396539    
        -1.967296118345169154       1.278319232274081507       1.990871934245869168    
  0.8971917747786236630     -0.4416375467855396253      0.1787886694857904754E-02
  0.4416382917719640644      0.8971931891413773563     -0.2447582141525522014E-04
 -0.1593270323857645708E-02  0.8115587314535056048E-03  0.9999984014297724766    
Прогнозируемая угловая ошибка:          0.01"

 2458369.5      10368.00000000000000     ( 2018  9  8    2h 52m 47.999969s)
     1   30615.93471095039058       15640.49692812023204       24358.72478931539445    
        -2.112369627146560180       1.208756160932508594       1.882533451261841462    
  0.8676051950778870259     -0.4972504693044850765      0.1787806010380661465E-02
  0.4972513018663610729      0.8676065595595364721     -0.2452495848887615987E-04
 -0.1538917174707963263E-02  0.9102668475403016823E-03  0.9999984015728204945    
Прогнозируемая угловая ошибка:          0.01"

 2458369.5      11232.00000000000000     ( 2018  9  8    3h  7m 11.999950s)
     1   28731.18623689942615       16653.07349957177939       25935.72545275027369    
        -2.249024741771697755       1.134395766787759774       1.766723551837203976    
  0.8345758072765139257     -0.5508902122334197182      0.1787728774998123982E-02
  0.5508911290567146679      0.8345771164622727278     -0.2457918768222002535E-04
 -0.1478457092135794081E-02  0.1005357118707964591E-02  0.9999984017095682187    
Прогнозируемая угловая ошибка:          0.01"

 2458369.5      12096.00000000000000     ( 2018  9  8    3h 21m 35.999971s)
     1   26732.20095426418629       17599.43671049241311       27409.60451883690257    
        -2.376719266146886334       1.055535610933220791       1.643905661706771326    
  0.7982346747083652883     -0.6023439286501941492      0.1787655302348824552E-02
  0.6023449260865412214      0.7982359234028207906     -0.2463828113860768774E-04
 -0.1412129961940203739E-02  0.1096452231291491098E-02  0.9999984018394604268    
Прогнозируемая угловая ошибка:          0.01"

 2458369.5      12960.00000000000000     ( 2018  9  8    3h 35m 59.999952s)
     1   24626.94210589042996       18475.83377814767300       28774.51735218785689    
        -2.494947142600001833      0.9724910861482247704       1.514570977918030970    
  0.7587260087369910311     -0.6514074364042194976      0.1787585891117727090E-02
  0.6514085104853759578      0.7587271919847313750     -0.2470199169629224028E-04
 -0.1340198962514362177E-02  0.1183190706265201467E-02  0.9999984019619699849    
Прогнозируемая угловая ошибка:          0.01"

 2458369.5      13824.00000000000000     ( 2018  9  8    3h 50m 23.999973s)
     1   22423.79383176787451       19278.79166010645713       30025.05498880733285    
        -2.603240449683280389      0.8855941259266175702       1.379236458254491371    
  0.7162065830062352978     -0.6978860474517574186      0.1787520823823864069E-02
  0.6978871939053640228      0.7162076961114989260     -0.2477005389127138422E-04
 -0.1262949495976879114E-02  0.1265228367444181171E-02  0.9999984020765979587    
Прогнозируемая угловая ошибка:          0.01"

 2458369.5      14688.00000000000000     ( 2018  9  8    4h  4m 47.999953s)
     1   20131.52741377474013       20005.13076424791871       31156.26548824420024    
        -2.701171239542531133      0.7951918488997231638       1.238442710041388173    
  0.6708451260043831743     -0.7415953221950660756      0.1787460365725167862E-02
  0.7415965364615821898      0.6708461645497054704     -0.2484218498659308092E-04
 -0.1180688082452206137E-02  0.1342239675001670072E-02  0.9999984021828768332    
Прогнозируемая угловая ошибка:          0.01"

 2458369.5      15552.00000000000000     ( 2018  9  8    4h 19m 11.999974s)
     1   17759.26600478950422       20651.97746178954912       32163.67342155389269    
        -2.788353207861796079      0.7016451446460697516       1.092751787666322416    
  0.6228216357326212815     -0.7823618186284094778      0.1787404763741799437E-02
  0.7823630958792182621      0.6228225955963495597     -0.2491808611893079451E-04
 -0.1093741115162138794E-02  0.1413919047706265831E-02  0.9999984022803735106    
Прогнозируемая угловая ошибка:          0.01"

 2458369.5      16416.00000000000000     ( 2018  9  8    4h 33m 35.999955s)
     1   15316.44798954708313       21216.77535535847710       33043.29742034739320    
        -2.864443190217371704      0.6053272070853532583      0.9427449084668688695    
  0.5723266822839422341     -0.8200237643572633184      0.1787354245498817785E-02
  0.8200250995138157473      0.5723275596566044232     -0.2499744345773367043E-04
 -0.1002453595884783511E-02  0.1479982046911290303E-02  0.9999984023686884216    
Прогнозируемая угловая ошибка:          0.01"

 2458369.5      17280.00000000000000     ( 2018  9  8    4h 47m 59.999976s)
     1   12812.78912959018271       21697.29525955884310       33791.66572066402296    
        -2.929142479496634532      0.5066220218252999175      0.7890200969038005940    
  0.5195606337966575117     -0.8544317136759894682      0.1787309018402293958E-02
  0.8544331014299662019      0.5195614251960648522     -0.2507992947714972863E-04
 -0.9071877337447898076E-03  0.1540166531861975182E-02  0.9999984024474588562    
Прогнозируемая угловая ошибка:          0.01"

 2458369.5      18144.00000000000000     ( 2018  9  8    5h  2m 23.999957s)
     1   10258.24364892515223       22091.64385705245149       34405.82964407037798    
        -2.982197959869938853      0.4059228139672992342      0.6321897671522566098    
  0.4647328801070740867     -0.8854491266108656111      0.1787269268834986791E-02
  0.8854505614452276019      0.4647335823921525666     -0.2516520422800830488E-04
 -0.8083215419003702542E-03  0.1594233675383127050E-02  0.9999984025163607404    
Прогнозируемая угловая ошибка:          0.01"

 2458369.5      19008.00000000000000     ( 2018  9  8    5h 16m 47.999977s)
     1   7662.964420527731818       22398.27099883811388       34883.37496721561911    
        -3.023403053642699678      0.3036304629801275801      0.4728782544043020897    
  0.4080609822620698823     -0.9129529235101843110      0.1787235161399891581E-02
  0.9129543997210718409      0.4080615926453105557     -0.2525291671484013422E-04
 -0.7062473022504899521E-03  0.1641968933935904467E-02  0.9999984025751079697    
Прогнозируемая угловая ошибка:          0.01"

 2458369.5      19872.00000000000000     ( 2018  9  8    5h 31m 11.999958s)
     1   5037.262416654388289       22615.97562315810865       35222.43114001776121    
        -3.052598478154601391      0.2001518913212742556      0.3117193052856437885    
  0.3497698295560484061     -0.9368339619292471721      0.1787206838281692059E-02
  0.9368354736486020906      0.3497703456145847545     -0.2534270625797748426E-04
 -0.6013700456008024822E-03  0.1683182878898015211E-02  0.9999984026234565171    
Прогнозируемая угловая ошибка:          0.01"

 2458369.5      20736.00000000000000     ( 2018  9  8    5h 45m 35.999979s)
     1   2391.565588001286415       22743.91027325000687       35421.67832167239249    
        -3.069672810728845569      0.9589843352304308621E-01  0.1493535378479188824    
  0.2900907260887187755     -0.9569974799387789277      0.1787184418669725662E-02
  0.9569990211576355765      0.2900911457739244748     -0.2543420395623561904E-04
 -0.4941059066310330523E-03  0.1717711965988201342E-02  0.9999984026612016574    
Прогнозируемая угловая ошибка:          0.01"

 2458369.5      21600.00000000000000     ( 2018  9  8    5h 59m 59.999960s)
     1  -263.6226618799528296       22781.58419997051169       35480.35221272170020    
        -3.074562860501915740     -0.8715807533329247847E-02 -0.1357411839257499642E-01
  0.2292604945531536431     -0.9733634632899414996      0.1787167998295338201E-02
  0.9733650278822613133      0.2292608161987899906     -0.2552703411736071545E-04
 -0.3848805116375944211E-03  0.1745419168957238615E-02  0.9999984026881825194    
Прогнозируемая угловая ошибка:          0.01"

 2458369.5      22464.00000000000000     ( 2018  9  8    6h 14m 23.999940s)
     1  -2917.765239843155541       22728.86504111850809       35398.24667045524257    
        -3.067253846779220083     -0.1132756104566643718     -0.1764169919367906125    
  0.1675205172155539712     -0.9858669699200650616      0.1787157649043773743E-02
  0.9858685516670470106      0.1675207395443694403     -0.2562081577823673283E-04
 -0.2741272550321171555E-03  0.1766194535374108338E-02  0.9999984027042799761    
Прогнозируемая угловая ошибка:          0.01"

 2458369.5      23328.00000000000000     ( 2018  9  8    6h 28m 47.999961s)
     1  -5560.333197058347650       22585.97907505127660       35175.71410389531957    
        -3.047779384360285171     -0.2173662846525646897     -0.3385292379558793585    
  0.1051157862037672835     -0.9944583840329477287      0.1787153418673049663E-02
  0.9944599766477025815      0.1051159083325666488     -0.2571516420347795331E-04
 -0.1622855942944922210E-03  0.1779955616702075640E-02  0.9999984027094183103    
Прогнозируемая угловая ошибка:          0.01"

 2458369.5      24192.00000000000000     ( 2018  9  8    6h 43m 11.999942s)
     1  -8180.847467266693457       22353.51005189626449       34813.66365351014247    
        -3.016221277055334493     -0.3205753125336519016     -0.4992683958919779674    
  0.4229394023217953463E-01 -0.9991036125925386591      0.1787155330623451917E-02
  0.9991052097450321412      0.4229396167534366091E-01 -0.2580969239843895126E-04
 -0.4979932214595321911E-04  0.1786647795037212211E-02  0.9999984027035663248    
Прогнозируемая угловая ошибка:          0.02"

 2458369.5      25056.00000000000000     ( 2018  9  8    6h 57m 35.999963s)
     1  -10768.92034445746867       22032.39661128782973       34313.55716956154356    
        -2.972709121369916385     -0.4224939781763427105     -0.6579979259506456568    
 -0.2069573843510108188E-01 -0.9997842229489646293      0.1787163383923500229E-02
  0.9997858182911345537     -0.2069581776370558665E-01 -0.2590401267531132273E-04
  0.6288523089143191491E-04  0.1786244503545163448E-02  0.9999984026867351217    
Прогнозируемая угловая ошибка:          0.02"

 2458369.5      25920.00000000000000     ( 2018  9  8    7h 11m 59.999944s)
     1  -13314.29653706942190       21623.92830108205453       33677.40301159675437    
        -2.917419723062951054     -0.5227189760988242284     -0.8140897146337849888    
 -0.8360328985446642547E-01 -0.9964975142577644496      0.1787177553192716498E-02
  0.9964991014487082355     -0.8360346964112522206E-01 -0.2599773815619008441E-04
  0.1753209257606446522E-03  0.1778747329447207806E-02  0.9999984026589797681    
Прогнозируемая угловая ошибка:          0.02"

 2458369.5      26784.00000000000000     ( 2018  9  8    7h 26m 23.999965s)
     1  -15806.89363846111519       21129.74021690258451       32907.74770000343415    
        -2.850576329983737445     -0.6208539939891971615     -0.9669265397021963304    
 -0.1461790916755283110     -0.9892565284500183242      0.1787197788744910665E-02
  0.9892581011811517611     -0.1461793712079413332     -0.2609048434335882853E-04
  0.2870616309500539985E-03  0.1764186007626255583E-02  0.9999984026203994070    
Прогнозируемая угловая ошибка:          0.02"

 2458369.5      27648.00000000000000     ( 2018  9  8    7h 40m 47.999945s)
     1  -18236.84185662866366       20551.80628762819833       32007.66545873576979    
        -2.772447685263088601     -0.7165112633879244797      -1.115904485229726628    
 -0.2081748263290414125     -0.9780899997000210844      0.1787224016779649519E-02
  0.9780915517201113074     -0.2081752044991288519     -0.2618187060933325791E-04
  0.3976639509952594061E-03  0.1742618305476396597E-02  0.9999984025711358138    
Прогнозируемая угловая ошибка:          0.02"

 2458369.5      28512.00000000000000     ( 2018  9  8    7h 55m 11.999966s)
     1  -20594.52284994786169       19892.43123703042875       30980.74569625847653    
        -2.683346905571192487     -0.8093130725229615852      -1.260435297713484948    
 -0.2693444896287213175     -0.9630422377144913781      0.1787256139682140291E-02
  0.9630437628544576967     -0.2693449649370375232     -0.2627152174231699980E-04
  0.5066890273630939414E-03  0.1714129788328762078E-02  0.9999984025113731745    
Прогнозируемая угловая ошибка:          0.02"

 2458369.5      29376.00000000000000     ( 2018  9  8    8h  9m 35.999947s)
     1  -22870.60752005302493       19154.24125669209752       29831.07847942199442    
        -2.583630189758790330     -0.8988932357074634893      -1.399948674534019055    
 -0.3294453439402121875     -0.9441729560499720897      0.1787294036400349784E-02
  0.9441744482473684030     -0.3294459145018753254     -0.2635906940038728181E-04
  0.6137042387800178576E-03  0.1678833487989604255E-02  0.9999984024413375305    
Прогнозируемая угловая ошибка:          0.02"

 2458369.5      30240.00000000000000     ( 2018  9  8    8h 23m 59.999968s)
     1  -25056.09261780663655       18340.17343007043382       28563.23806235306256    
        -2.473695363767875577     -0.9848985139369750286      -1.533894476412895447    
 -0.3882389041186516399     -0.9215570295717919747      0.1787337562936771804E-02
  0.9215584828948549800     -0.3882395676708384480     -0.2644415360622866127E-04
  0.7182849583632594341E-03  0.1636869443704597584E-02  0.9999984023612951134    
Прогнозируемая угловая ошибка:          0.02"

 2458369.5      31104.00000000000000     ( 2018  9  8    8h 38m 23.999949s)
     1  -27142.33602363340469       17453.46395209897310       27182.26453950092036    
        -2.353980268232795492      -1.066989981563819745      -1.661744855890169070    
 -0.4454918615443371199     -0.8952842043435546016      0.1787386552905209430E-02
  0.8952856130147487379     -0.4454926154552439344     -0.2652642414419358955E-04
  0.8200161988173068194E-03  0.1588404159639938929E-02  0.9999984022715532328    
Прогнозируемая угловая ошибка:          0.02"

 2458369.5      31968.00000000000000     ( 2018  9  8    8h 52m 47.999969s)
     1  -29121.09056925804907       16497.63519303981593       25693.64369870305018    
        -2.224960995692089494      -1.144844334179331957      -1.782996294238138546    
 -0.5009770317620305669     -0.8654587331018311902      0.1787440818206637591E-02
  0.8654600915207643075     -0.5009778730413301240     -0.2660554197982087951E-04
  0.9184942979477638512E-03  0.1533629928663594053E-02  0.9999984021724568350    
Прогнозируемая угловая ошибка:          0.02"

 2458369.5      32832.00000000000000     ( 2018  9  8    9h  7m 11.999950s)
     1  -30984.53627406846499       15476.48165939161845       24103.28515651043199    
        -2.087149984795605651      -1.218155133098084653      -1.897171539638181192    
 -0.5544742347309233876     -0.8321989713180204529      0.1787500149756825240E-02
  0.8322002740836743628     -0.5544751600416122361     -0.2668118057610693820E-04
  0.1013328482639717226E-02  0.1472764087370646196E-02  0.9999984020643879479    
Прогнозируемая угловая ошибка:          0.02"

 2458369.5      33696.00000000000000     ( 2018  9  8    9h 21m 35.999971s)
     1  -32725.31087589413073       14394.05490852111689       22417.49886402744596    
        -1.941093979320684948      -1.286633982110853669      -2.003821439871984023    
 -0.6057711891391660552     -0.7956368964689413126      0.1787564318335591994E-02
  0.7956381384010934310     -0.6057721948108200083     -0.2675302721753446283E-04
  0.1104142456030137061E-02  0.1406048133402134194E-02  0.9999984019477649033    
Прогнозируемая угловая ошибка:          0.02"

 2458369.5      34560.00000000000000     ( 2018  9  8    9h 35m 59.999952s)
     1  -34336.53854291360767       13254.64747730934869       20642.97007716465669    
        -1.787371860205899887      -1.350011632453378407      -2.102526663215073643    
 -0.6546643349098622000     -0.7559175966763936882      0.1787633075473747538E-02
  0.7559187728361821401     -0.6546654169531833656     -0.2682078422378465657E-04
  0.1190575855465663292E-02  0.1333746789827929208E-02  0.9999984018230393401    
Прогнозируемая угловая ошибка:          0.02"

 2458369.5      35424.00000000000000     ( 2018  9  8    9h 50m 23.999973s)
     1  -35811.85666065550322       12062.77588848183586       18786.73289046404534    
        -1.626592359171638691      -1.408039012224773900      -2.192899301667194045    
 -0.7009596600096996699     -0.7131986813965598415      0.1787706154462268731E-02
  0.7131997871060693495     -0.7009608141323585562     -0.2688417015769191420E-04
  0.1272285716168232743E-02  0.1256146929997295622E-02  0.9999984016906960926    
Прогнозируемая угловая ошибка:          0.02"

 2458369.5      36288.00000000000000     ( 2018  9  8   10h  4m 47.999953s)
     1  -37145.44059560499591       10823.16280142034157       16856.14243852796062    
        -1.459391662824503610      -1.460488176781585823      -2.274584351109062652    
 -0.7444734521686943163     -0.6676496707458193791      0.1787783271384508002E-02
  0.6676507016066554057     -0.7444746737923457758     -0.2694292091640919829E-04
  0.1348947800054172731E-02  0.1173556466114352055E-02  0.9999984015512493052    
Прогнозируемая угловая ошибка:          0.02"

 2458369.5      37152.00000000000000     ( 2018  9  8   10h 19m 11.999974s)
     1  -38332.02634474491060       9540.718377127315762       14858.84587355876101    
        -1.286430916437918404      -1.507153176929954874      -2.347261063436775874    
 -0.7850330450721884068     -0.6194513069536242700      0.1787864126269327796E-02
  0.6194522588643524008     -0.7850343293506497622     -0.2699679080383848999E-04
  0.1420257912682990021E-02  0.1086303098668071811E-02  0.9999984014052417658    
Прогнозируемая угловая ошибка:          0.02"

 2458369.5      38016.00000000000000     ( 2018  9  8   10h 33m 35.999955s)
     1  -39366.93098841885512       8220.520929630332830       12802.75223159027337    
        -1.108393636865453891      -1.547850842038291708      -2.410644166192248861    
 -0.8224774873742949355     -0.5687948540580954893      0.1787948404252171809E-02
  0.5687957232305307365     -0.8224788292127616085     -0.2704555348401107423E-04
  0.1485933081869000340E-02  0.9947330468213263620E-03  0.9999984012532426858    
Прогнозируемая угловая ошибка:          0.02"

 2458369.5      38880.00000000000000     ( 2018  9  8   10h 47m 59.999976s)
     1  -40246.07087217768276       6867.796938469463385       10696.00130366102167    
       -0.9259830442771905812      -1.582421475495489949      -2.464484945679387806    
 -0.8566581964409708538     -0.5158813210405701621      0.1788035776853916367E-02
  0.5158821040147938408     -0.8566595905162419644     -0.2708900289853908596E-04
  0.1545712707029077730E-02  0.8992096422506106477E-03  0.9999984010958449243    
Прогнозируемая угловая ошибка:          0.02"

 2458369.5      39744.00000000000000     ( 2018  9  8   11h  2m 23.999957s)
     1  -40965.97745173300063       5487.900499003780169       8546.931631439263583    
       -0.7399193226138951474      -1.610729460244387790      -2.508572190030223137    
 -0.8874395340487125639     -0.4609206829956297713      0.1788125903252398658E-02
  0.4609213766537337831     -0.8874409748303009327     -0.2712695406833298759E-04
  0.1599359568898357743E-02  0.8001119214787940368E-03  0.9999984009336627677    
Прогнозируемая угловая ошибка:          0.03"

 2458369.5      40608.00000000000000     ( 2018  9  8   11h 16m 47.999977s)
     1  -41523.81074376911420       4086.292289102582345       6364.047749658944667    
       -0.5509368188298828795      -1.632663772426394821      -2.542732989162111767    
 -0.9146993573122271792     -0.4041310282661298992      0.1788218431666711546E-02
  0.4041316298445735700     -0.9147008390843117676     -0.2715924384187999867E-04
  0.1646660793052308596E-02  0.6978330864203544049E-03  0.9999984007673293762    
Прогнозируемая угловая ошибка:          0.03"

 2458369.5      41472.00000000000000     ( 2018  9  8   11h 31m 11.999958s)
     1  -41917.37033413166500       2668.518132351118766       4155.986800161783322    
       -0.3597811911440421118      -1.648138401480508053      -2.566833389045710234    
 -0.9383294919396124589     -0.3457377134374557959      0.1788313000719041722E-02
  0.3457382205380489237     -0.9383310088237092339     -0.2718573153080071236E-04
  0.1687428674714868109E-02  0.5927789809782689620E-03  0.9999984005974947854    
Прогнозируемая угловая ошибка:          0.03"

 2458369.5      42336.00000000000000     ( 2018  9  8   11h 45m 35.999979s)
     1  -42145.10390379596356       1240.187239199152145       1931.484644363122470    
       -0.1672065166404735626      -1.657092675347996646      -2.580778898183221148    
 -0.9582361716085351366     -0.2859724479970149336      0.1788409240902458057E-02
  0.2859728585964171343     -0.9582377175868266317     -0.2720629948036315320E-04
  0.1721501441176891524E-02  0.4853664427034549370E-03  0.9999984004248229086    
Прогнозируемая угловая ошибка:          0.03"

 2458369.5      43200.00000000000000     ( 2018  9  8   11h 59m 59.999960s)
     1  -42206.11324199572118      -193.0497914874085836      -300.6583974337854670    
        0.2602763134379948440E-01  -1.659491489742619175      -2.584514844676980339    
 -0.9743404012735927822     -0.2250723965517014702      0.1788506776011490997E-02
  0.2250727090094692129     -0.9743419702128015558     -0.2722085352557071004E-04
  0.1748743878617156980E-02  0.3760216878116200341E-03  0.9999984002499892055    
Прогнозируемая угловая ошибка:          0.03"

 2458369.5      44064.00000000000000     ( 2018  9  8   12h 14m 23.999940s)
     1  -42100.15772494395060      -1625.523127246324748      -2531.612050258529962    
        0.2191591255359286450      -1.655325440755128330      -2.578026582749532114    
 -0.9865782775447589081     -0.1632792184209828912      0.1788605224665547853E-02
  0.1632794314860664953     -0.9865798632204850760     -0.2722932337460793735E-04
  0.1769047880544710868E-02  0.2651785852828184953E-03  0.9999984000736772405    
Прогнозируемая угловая ошибка:          0.03"

 2458369.5      44928.00000000000000     ( 2018  9  8   12h 28m 47.999961s)
     1  -41827.65524767753232      -3051.565929486402183      -4752.550701836590633    
        0.4114262361952356062      -1.644610860369906558      -2.561339548057727011    
 -0.9949012386810855979     -0.1008381168414002049      0.1788704201808539399E-02
  0.1008382296571087300     -0.9949028348025030777     -0.2723166288259959802E-04
  0.1782332870606013900E-02  0.1532769499572752105E-03  0.9999983998965773502    
Прогнозируемая угловая ошибка:          0.03"

 2458369.5      45792.00000000000000     ( 2018  9  8   12h 43m 11.999942s)
     1  -41389.68060568721558      -4465.536569647461874      -6954.688002342098116    
        0.6020705811570470356      -1.627389754780760089      -2.534519161624891215    
 -0.9992762569399357142     -0.3799687485561523137E-01  0.1788803320222316379E-02
  0.3799688696303102353E-01 -0.9992778571747514826     -0.2722785023800765964E-04
  0.1788546121956920707E-02  0.4076081328713908016E-04  0.9999983997193826468    
Прогнозируемая угловая ошибка:          0.03"

 2458369.5      46656.00000000000000     ( 2018  9  8   12h 57m 35.999963s)
     1  -40787.96133213140274      -5861.840750133975234      -9129.311315843768170    
        0.7903400638806009626      -1.603729645702103523      -2.497670582696687180    
 -0.9996859718881915269      0.2499514830739558297E-01  0.1788902192094978579E-02
 -0.2499523696761348987E-01 -0.9996875698877720762     -0.2721788804824554613E-04
  0.1787662970033958949E-02 -0.7192337506949588355E-04  0.9999983995427863537    
Прогнозируемая угловая ошибка:          0.03"

 2458369.5      47520.00000000000000     ( 2018  9  8   13h 11m 59.999944s)
     1  -40024.87100555622601      -7234.953446406316289      -11267.81589321928004    
        0.9754917889570091649      -1.573723315180939553      -2.450938311307780726    
 -0.9961287576670418975      0.8788798340032251410E-01  0.1789000430522510879E-02
 -0.8788817248768283907E-01 -0.9961303470916029745     -0.2720180333203984526E-04
  0.1779686908163706071E-02 -0.1843284769777971989E-03  0.9999983993674795846    
Прогнозируемая угловая ошибка:          0.03"

 2458369.5      48384.00000000000000     ( 2018  9  8   13h 26m 23.999965s)
     1  -39103.42005213342054      -8579.440587184028118      -13361.73863720168083    
         1.156794944585721296      -1.537488454724073250      -2.394505641827749720    
 -0.9886187295958007715      0.1504320664684884734      0.1789097651080359458E-02
 -0.1504323552440360312     -0.9886203041395612567     -0.2717964740956848883E-04
  0.1764649573420740657E-02 -0.2960084819064557693E-03  0.9999983991941495676    
Прогнозируемая угловая ошибка:          0.03"

 2458369.5      49248.00000000000000     ( 2018  9  8   13h 40m 47.999945s)
     1  -38027.24407546057773      -9889.980390552418612      -15402.79133152491886    
         1.333533641605362696      -1.495167219863838159      -2.328593969235621230    
 -0.9771856894806472127      0.2123792058110845760      0.1789193473312014919E-02
 -0.2123795931403126835     -0.9771872428968522151     -0.2715149570547953752E-04
  0.1742610624100322326E-02 -0.4065202349625899160E-03  0.9999983990234740938    
Прогнозируемая угловая ошибка:          0.03"

 2458369.5      50112.00000000000000     ( 2018  9  8   13h 55m 11.999966s)
     1  -36800.58975592358911      -11161.38427486775981      -17382.89320785488599    
         1.505009698767771020      -1.446925691594057595      -2.253461950352843246    
 -0.9618750045673618576      0.2734835900720554713      0.1789287522274472450E-02
 -0.2734840744294242398     -0.9618765306930642245     -0.2711744744114511052E-04
  0.1713657497457971675E-02 -0.5154252367986290103E-03  0.9999983988561216286    
Прогнозируемая угловая ошибка:          0.03"

 2458369.5      50976.00000000000000     ( 2018  9  8   14h  9m 35.999947s)
     1  -35428.29837047606270      -12388.61726472623923      -19294.20272632580600    
         1.670545364073106720      -1.392953246415864710      -2.169404522743986430    
 -0.9427474317611977961      0.3335027406617837586      0.1789379429990134874E-02
 -0.3335033201367539890     -0.9427489245417169927     -0.2707762525374672876E-04
  0.1677905070987538915E-02 -0.6222913425522680949E-03  0.9999983986927466484    
Прогнозируемая угловая ошибка:          0.03"

 2458369.5      51840.00000000000000     ( 2018  9  8   14h 23m 59.999968s)
     1  -33915.78699242253788      -13566.81781389777461      -21129.14844804968379    
         1.829485962139846045      -1.333461837040033293      -2.076751784472674611    
 -0.9198788708480243326      0.3921984966425106078      0.1789468836941658127E-02
 -0.3921991689471410192     -0.9198803243609645630     -0.2703217469664795039E-04
  0.1635495195882728271E-02 -0.7266945170418422344E-03  0.9999983985339893078    
Прогнозируемая угловая ошибка:          0.03"

 2458369.5      52704.00000000000000     ( 2018  9  8   14h 38m 23.999949s)
     1  -32269.02743937747073      -14691.31696902613294      -22880.45888092615496    
         1.981202457767105463      -1.268685186098333473      -1.975867738376573479    
 -0.8933600704126617442      0.4493379375078155880      0.1789555393464173534E-02
 -0.4493386999858220432     -0.8933614788914185922     -0.2698126367795660658E-04
  0.1586596147490872827E-02 -0.8282204776709464799E-03  0.9999983983804697774    
Прогнозируемая угловая ошибка:          0.03"

 2458369.5      53568.00000000000000     ( 2018  9  8   14h 52m 47.999969s)
     1  -30494.52304598653063      -15757.65680006111324      -24541.19118345075913    
         2.125093926059015814      -1.198877895520593651      -1.867148904998988224    
 -0.8632962592415740488      0.5046943292455440266      0.1789638761165814702E-02
 -0.5046951788828554220     -0.8632976170982070707     -0.2692508177816905899E-04
  0.1531401941893156728E-02 -0.9264663770810783062E-03  0.9999983982327895760    
Прогнозируемая угловая ошибка:          0.03"

 2458369.5      54432.00000000000000     ( 2018  9  8   15h  7m 11.999950s)
     1  -28599.28334621487375      -16761.60802581435928      -26104.75861499772873    
         2.260589919722725050      -1.124314474536131758      -1.751022808784942875    
 -0.8298067386029202019      0.5580480028424672501      0.1789718614238184442E-02
 -0.5580489362791665187     -0.8298080404503345164     -0.2686383951718474664E-04
  0.1470131584247264889E-02 -0.1021042363970700801E-02  0.9999983980915249093    
Прогнозируемая угловая ошибка:          0.03"

 2458369.5      55296.00000000000000     ( 2018  9  8   15h 21m 35.999971s)
     1  -26590.79675800315454      -17699.18676571627657      -27564.95662523631472    
         2.387152724424074446      -1.045288289557297912      -1.627946342615379960    
 -0.7930243976756249369      0.6091872465230671052      0.1789794640780040290E-02
 -0.6091882600667385406     -0.7930256383489370231     -0.2679776749979081733E-04
  0.1403028179321984953E-02 -0.1111573166524076027E-02  0.9999983979572283355    
Прогнозируемая угловая ошибка:          0.03"

 2458369.5      56160.00000000000000     ( 2018  9  8   15h 35m 59.999952s)
     1  -24477.00137083934169      -18566.67035179395680      -28915.98747992248536    
         2.504279493388994915     -0.9621104394982675778      -1.498404016213199297    
 -0.7530951986563423350      0.6579091260489695614      0.1789866544005232121E-02
 -0.6579102156893322784     -0.7530963732333846306     -0.2672711552391837002E-04
  0.1330357989645921963E-02 -0.1197699546396643845E-02  0.9999983978304246568    
Прогнозируемая угловая ошибка:          0.04"

 2458369.5      57024.00000000000000     ( 2018  9  8   15h 50m 23.999973s)
     1  -22266.25394426477214      -19360.61213808607863      -30152.48332528508763    
         2.611504252775209700     -0.8751085603730299756      -1.362906094407740909    
 -0.7101775838987220979      0.7040203089853971363      0.1789934043448571967E-02
 -0.7040214704102309984     -0.7101786877195620518     -0.2665215156550316460E-04
  0.1252409354100562575E-02 -0.1279079757810527894E-02  0.9999983977116078115    
Прогнозируемая угловая ошибка:          0.04"

 2458369.5      57888.00000000000000     ( 2018  9  8   16h  4m 47.999953s)
     1  -19967.29723249840754      -20077.85524815539611      -31269.52759859072466    
         2.708399769708655480     -0.7846255633016825382      -1.221986631688452452    
 -0.6644418620119256769      0.7473378137879206351      0.1789996876052074278E-02
 -0.7473390424001618015     -0.6644428906973692817     -0.2657316074257089011E-04
  0.1169491570808467050E-02 -0.1355390871651414829E-02  0.9999983976012416509    
Прогнозируемая угловая ошибка:          0.04"

 2458369.5      58752.00000000000000     ( 2018  9  8   16h 19m 11.999974s)
     1  -17589.22575719434099      -20715.54520504794709      -32262.67469821571285    
         2.794579275283021857     -0.6910183103325051590      -1.076201409911994311    
 -0.6160695161110542051      0.7876897530262242375      0.1790054797233907270E-02
 -0.7876910439622172300     -0.6160704655800084417     -0.2649044415664747809E-04
  0.1081933640930413110E-02 -0.1426330087095828555E-02  0.9999983974997556091    
Прогнозируемая угловая ошибка:          0.04"

 2458369.5      59616.00000000000000     ( 2018  9  8   16h 33m 35.999955s)
     1  -15141.45015681492259      -21271.14139197340046      -33127.96783266707644    
         2.869698035259392821     -0.5946562327575760643     -0.9261257864479982560    
 -0.5652525006418185338      0.8249159993799467516      0.1790107581835693323E-02
 -0.8249173475287299162     -0.5652533671274996285     -0.2640431772855701619E-04
  0.9900829940060573535E-03 -0.1491615904822802142E-02  0.9999983974075444815    
Прогнозируемая угловая ошибка:          0.04"

 2458369.5      60480.00000000000000     ( 2018  9  8   16h 47m 59.999976s)
     1  -12633.66024717495202      -21742.42729613601841      -33861.95497446568334    
         2.933454761676692168     -0.4959198968604913715     -0.7723524604548613892    
 -0.5121924617111505151      0.8588688360345005934      0.1790155025037613564E-02
 -0.8588702360580959816     -0.5121932417760168832     -0.2631511091494130543E-04
  0.8943040768740126434E-03 -0.1550989270374364404E-02  0.9999983973249664260    
Прогнозируемая угловая ошибка:          0.04"

 2458369.5      61344.00000000000000     ( 2018  9  8   17h  2m 23.999957s)
     1  -10075.78693336104698      -22127.51949252147097      -34461.70285161920037    
         2.985592859092556672     -0.3951995222845839928     -0.6154891653660554685    
 -0.4570999557883747566      0.8894135290252618287      0.1790196943151726615E-02
 -0.8894149753798437086     -0.4571006463377813023     -0.2622316543368931647E-04
  0.7949769416759427075E-03 -0.1604214577878755772E-02  0.9999983972523407427    
Прогнозируемая угловая ошибка:          0.04"

 2458369.5      62208.00000000000000     ( 2018  9  8   17h 16m 47.999977s)
     1  -7477.963118423944252      -22424.87532903078682      -34924.80891655531741    
         3.025901499718406829     -0.2928934584472845382     -0.4561562960369210940    
 -0.4001935944789531963      0.9164288744922851615      0.1790233174368728673E-02
 -0.9164303614501854156     -0.4001941927734166127     -0.2612883387594263564E-04
  0.6924957022720364249E-03 -0.1651080627015169685E-02  0.9999983971899484292    
Прогнозируемая угловая ошибка:          0.04"

 2458369.5      63072.00000000000000     ( 2018  9  8   17h 31m 11.999958s)
     1  -4850.483758950139418      -22633.29927913816573      -35249.41123983825673    
